timeStamp,elapsed,label,responseCode,responseMessage,threadName,dataType,success,bytes,grpThreads,allThreads,URL,Filename,Latency,Hostname
1487927951798,270,13 /escm/login/auth,200,OK,Thread Group 1-1,text,true,5226,1,1,http://10.10.3.16:8080/escm/login/auth,,267,DESKTOP-0LC5NKG
1487927952094,6,16 /escm/css/jquery.ui.timepicker.css,200,OK,Thread Group 1-1,text,true,2086,1,1,http://10.10.3.16:8080/escm/css/jquery.ui.timepicker.css,,6,DESKTOP-0LC5NKG
1487927952101,17,19 /escm/css/jquery.alerts.css,200,OK,Thread Group 1-1,text,true,1235,1,1,http://10.10.3.16:8080/escm/css/jquery.alerts.css,,16,DESKTOP-0LC5NKG
1487927952119,65,19 /escm/js/jquery-ui-1.8.17.custom.min.js,200,OK,Thread Group 1-1,text,true,53407,1,1,http://10.10.3.16:8080/escm/js/jquery-ui-1.8.17.custom.min.js,,25,DESKTOP-0LC5NKG
1487927952185,18,22 /escm/js/jquery.alerts.js,200,OK,Thread Group 1-1,text,true,2581,1,1,http://10.10.3.16:8080/escm/js/jquery.alerts.js,,17,DESKTOP-0LC5NKG
1487927952204,16,23 /escm/js/validator.js,200,OK,Thread Group 1-1,text,true,5286,1,1,http://10.10.3.16:8080/escm/js/validator.js,,13,DESKTOP-0LC5NKG
1487927952221,2,18 /escmnull/css/merchant.css,404,Not Found,Thread Group 1-1,,false,109,1,1,http://10.10.3.16:8080/escmnull/css/merchant.css,,2,DESKTOP-0LC5NKG
1487927952224,16,21 /escm/js/jquery.bpopup.min.js,200,OK,Thread Group 1-1,text,true,2280,1,1,http://10.10.3.16:8080/escm/js/jquery.bpopup.min.js,,10,DESKTOP-0LC5NKG
1487927952241,8,17 /escm/css/logintypedialog.css,200,OK,Thread Group 1-1,text,true,1287,1,1,http://10.10.3.16:8080/escm/css/logintypedialog.css,,7,DESKTOP-0LC5NKG
1487927952250,14,14 /escm/css/theme/jquery-ui-1.8.17.custom.css,200,OK,Thread Group 1-1,text,true,6664,1,1,http://10.10.3.16:8080/escm/css/theme/jquery-ui-1.8.17.custom.css,,11,DESKTOP-0LC5NKG
1487927952265,89,20 /escm/js/jquery-1.5.2.min.js,200,OK,Thread Group 1-1,text,true,65186,1,1,http://10.10.3.16:8080/escm/js/jquery-1.5.2.min.js,,31,DESKTOP-0LC5NKG
1487927952355,88,15 /escm/css/merchant.css,200,OK,Thread Group 1-1,text,true,64167,1,1,http://10.10.3.16:8080/escm/css/merchant.css,,37,DESKTOP-0LC5NKG
1487927952444,10,24 /escm/css/fonts/Roboto-Light.woff,200,OK,Thread Group 1-1,text,true,73848,1,1,http://10.10.3.16:8080/escm/css/fonts/Roboto-Light.woff,,4,DESKTOP-0LC5NKG
1487927952456,11,25 /escm/css/fonts/Roboto-Bold.woff,200,OK,Thread Group 1-1,text,true,71736,1,1,http://10.10.3.16:8080/escm/css/fonts/Roboto-Bold.woff,,5,DESKTOP-0LC5NKG
1487927952468,17,26 /escm/css/fonts/Roboto-Regular.ttf,200,OK,Thread Group 1-1,text,true,145593,1,1,http://10.10.3.16:8080/escm/css/fonts/Roboto-Regular.ttf,,6,DESKTOP-0LC5NKG
1487927951793,647,Hit the portal,,"Number of samples in transaction : 15, number of failing samples : 1",Thread Group 1-1,,false,500691,1,1,null,,457,DESKTOP-0LC5NKG
1487927952489,1354,27 /escm/login/doAuth?id=loginform,200,OK,Thread Group 1-1,text,true,10023,1,1,http://10.10.3.16:8080/escm/dashboard/myAccountInfo,,514,DESKTOP-0LC5NKG
1487927953844,14,31 /escm/js/jquery-validate/jquery.validate.min.js,200,OK,Thread Group 1-1,text,true,6824,1,1,http://10.10.3.16:8080/escm/js/jquery-validate/jquery.validate.min.js,,10,DESKTOP-0LC5NKG
1487927953859,21,39 /escm/js/jquery.flexslider.js,200,OK,Thread Group 1-1,text,true,12247,1,1,http://10.10.3.16:8080/escm/js/jquery.flexslider.js,,18,DESKTOP-0LC5NKG
1487927953881,9,38 /escm/js/MonthPicker.min.js,200,OK,Thread Group 1-1,text,true,4086,1,1,http://10.10.3.16:8080/escm/js/MonthPicker.min.js,,7,DESKTOP-0LC5NKG
1487927953891,7,36 /escm/js/jquery.slimscroll.min.js,200,OK,Thread Group 1-1,text,true,2145,1,1,http://10.10.3.16:8080/escm/js/jquery.slimscroll.min.js,,6,DESKTOP-0LC5NKG
1487927953899,15,44 /escm/css/payment/jquery.tzCheckbox.css,200,OK,Thread Group 1-1,text,true,1130,1,1,http://10.10.3.16:8080/escm/css/payment/jquery.tzCheckbox.css,,15,DESKTOP-0LC5NKG
1487927953915,11,40 /escm/js/jquery.elastic.source.js,200,OK,Thread Group 1-1,text,true,2329,1,1,http://10.10.3.16:8080/escm/js/jquery.elastic.source.js,,10,DESKTOP-0LC5NKG
1487927953927,9,41 /escm/css/modern_ui/usageGraph/jquery.jqplot.min.css,200,OK,Thread Group 1-1,text,true,1323,1,1,http://10.10.3.16:8080/escm/css/modern_ui/usageGraph/jquery.jqplot.min.css,,9,DESKTOP-0LC5NKG
1487927953937,7,32 /escm/js/jquery-validate/jquery.metadata.js,200,OK,Thread Group 1-1,text,true,1938,1,1,http://10.10.3.16:8080/escm/js/jquery-validate/jquery.metadata.js,,6,DESKTOP-0LC5NKG
1487927953945,8,43 /escm/css/modern_ui/usageGraph/jquery.jqplot.css,200,OK,Thread Group 1-1,text,true,1865,1,1,http://10.10.3.16:8080/escm/css/modern_ui/usageGraph/jquery.jqplot.css,,6,DESKTOP-0LC5NKG
1487927953954,5,33 /escm/js/datatable.js,200,OK,Thread Group 1-1,text,true,1607,1,1,http://10.10.3.16:8080/escm/js/datatable.js,,5,DESKTOP-0LC5NKG
1487927953960,57,59 /escm/js/usageGraphJS/jquery.jqplot.min.js,200,OK,Thread Group 1-1,text,true,43049,1,1,http://10.10.3.16:8080/escm/js/usageGraphJS/jquery.jqplot.min.js,,27,DESKTOP-0LC5NKG
1487927954019,12,35 /escm/js/jquery-validate/additional-methods.min.js,200,OK,Thread Group 1-1,text,true,2753,1,1,http://10.10.3.16:8080/escm/js/jquery-validate/additional-methods.min.js,,8,DESKTOP-0LC5NKG
1487927954032,12,42 /escm/css/modern_ui/usageGraph/examples.css,200,OK,Thread Group 1-1,text,true,1596,1,1,http://10.10.3.16:8080/escm/css/modern_ui/usageGraph/examples.css,,12,DESKTOP-0LC5NKG
1487927954045,7,34 /escm/js/jquery.leanModal.min.js,200,OK,Thread Group 1-1,text,true,1343,1,1,http://10.10.3.16:8080/escm/js/jquery.leanModal.min.js,,7,DESKTOP-0LC5NKG
1487927954053,58,69 /escm/js/usageGraphJS/jqplot.cursor.min.js,200,OK,Thread Group 1-1,text,true,5710,1,1,http://10.10.3.16:8080/escm/js/usageGraphJS/jqplot.cursor.min.js,,11,DESKTOP-0LC5NKG
1487927954112,14,70 /escm/js/usageGraphJS/jqplot.pointLabels.min.js,200,OK,Thread Group 1-1,text,true,1988,1,1,http://10.10.3.16:8080/escm/js/usageGraphJS/jqplot.pointLabels.min.js,,13,DESKTOP-0LC5NKG
1487927954127,11,71 /escm/js/usageGraphJS/jqplot.canvasAxisTickRenderer.min.js,200,OK,Thread Group 1-1,text,true,1465,1,1,http://10.10.3.16:8080/escm/js/usageGraphJS/jqplot.canvasAxisTickRenderer.min.js,,11,DESKTOP-0LC5NKG
1487927954139,12,72 /escm/js/usageGraphJS/jqplot.enhancedLegendRenderer.min.js,200,OK,Thread Group 1-1,text,true,2017,1,1,http://10.10.3.16:8080/escm/js/usageGraphJS/jqplot.enhancedLegendRenderer.min.js,,12,DESKTOP-0LC5NKG
1487927954152,8,73 /escm/js/usageGraphJS/jqplot.highlighter.min.js,200,OK,Thread Group 1-1,text,true,2518,1,1,http://10.10.3.16:8080/escm/js/usageGraphJS/jqplot.highlighter.min.js,,7,DESKTOP-0LC5NKG
1487927954161,23,68 /escm/js/escm_alert.js,200,OK,Thread Group 1-1,text,true,2139,1,1,http://10.10.3.16:8080/escm/js/escm_alert.js,,23,DESKTOP-0LC5NKG
1487927954185,7,67 /escm/js/jquery.scrollToTop.min.js,200,OK,Thread Group 1-1,text,true,774,1,1,http://10.10.3.16:8080/escm/js/jquery.scrollToTop.min.js,,7,DESKTOP-0LC5NKG
1487927954193,7,65 /escm/js/payment/jquery.tzCheckbox.js,200,OK,Thread Group 1-1,text,true,1635,1,1,http://10.10.3.16:8080/escm/js/payment/jquery.tzCheckbox.js,,7,DESKTOP-0LC5NKG
1487927954201,9,64 /escm/js/panels.js,200,OK,Thread Group 1-1,text,true,2221,1,1,http://10.10.3.16:8080/escm/js/panels.js,,8,DESKTOP-0LC5NKG
1487927954211,8,63 /escm/js/usageGraphJS/jqplot.dateAxisRenderer.min.js,200,OK,Thread Group 1-1,text,true,3191,1,1,http://10.10.3.16:8080/escm/js/usageGraphJS/jqplot.dateAxisRenderer.min.js,,7,DESKTOP-0LC5NKG
1487927954220,7,62 /escm/js/usageGraphJS/jqplot.canvasAxisLabelRenderer.min.js,200,OK,Thread Group 1-1,text,true,1301,1,1,http://10.10.3.16:8080/escm/js/usageGraphJS/jqplot.canvasAxisLabelRenderer.min.js,,6,DESKTOP-0LC5NKG
1487927954228,12,61 /escm/js/usageGraphJS/jqplot.canvasTextRenderer.min.js,200,OK,Thread Group 1-1,text,true,4130,1,1,http://10.10.3.16:8080/escm/js/usageGraphJS/jqplot.canvasTextRenderer.min.js,,10,DESKTOP-0LC5NKG
1487927954241,15,58 /escm/js/placeholders.min.js,200,OK,Thread Group 1-1,text,true,1967,1,1,http://10.10.3.16:8080/escm/js/placeholders.min.js,,11,DESKTOP-0LC5NKG
1487927954257,22,60 /escm/js/usageGraphJS/excanvas.min.js,200,OK,Thread Group 1-1,text,true,8168,1,1,http://10.10.3.16:8080/escm/js/usageGraphJS/excanvas.min.js,,10,DESKTOP-0LC5NKG
1487927954280,14,57 /escm/js/clearinput.js,200,OK,Thread Group 1-1,text,true,1200,1,1,http://10.10.3.16:8080/escm/js/clearinput.js,,8,DESKTOP-0LC5NKG
1487927954296,14,56 /escm/js/slideBlock.js,200,OK,Thread Group 1-1,text,true,1162,1,1,http://10.10.3.16:8080/escm/js/slideBlock.js,,14,DESKTOP-0LC5NKG
1487927954311,13,55 /escm/js/main.js,200,OK,Thread Group 1-1,text,true,2967,1,1,http://10.10.3.16:8080/escm/js/main.js,,12,DESKTOP-0LC5NKG
1487927954325,16,52 /escm/js/jquery.qtip-1.0.0-rc3.min.js,200,OK,Thread Group 1-1,text,true,10015,1,1,http://10.10.3.16:8080/escm/js/jquery.qtip-1.0.0-rc3.min.js,,12,DESKTOP-0LC5NKG
1487927954342,19,54 /escm/css/modern_ui/jquery.multiselect.css,200,OK,Thread Group 1-1,text,true,2234,1,1,http://10.10.3.16:8080/escm/css/modern_ui/jquery.multiselect.css,,19,DESKTOP-0LC5NKG
1487927954362,9,53 /escm/js/jquery.blockUI.js,200,OK,Thread Group 1-1,text,true,6159,1,1,http://10.10.3.16:8080/escm/js/jquery.blockUI.js,,8,DESKTOP-0LC5NKG
1487927954373,6,47 /escm/images/_loading.gif,200,OK,Thread Group 1-1,bin,true,4474,1,1,http://10.10.3.16:8080/escm/images/_loading.gif,,6,DESKTOP-0LC5NKG
1487927954380,13,50 /escm/js/jquery.ba-dotimeout.min.js,200,OK,Thread Group 1-1,text,true,1383,1,1,http://10.10.3.16:8080/escm/js/jquery.ba-dotimeout.min.js,,13,DESKTOP-0LC5NKG
1487927954394,18,51 /escm/js/jquery.tablesorter.js,200,OK,Thread Group 1-1,text,true,8739,1,1,http://10.10.3.16:8080/escm/js/jquery.tablesorter.js,,13,DESKTOP-0LC5NKG
1487927954413,5,48 /escm/images/settings.png,200,OK,Thread Group 1-1,bin,true,6116,1,1,http://10.10.3.16:8080/escm/images/settings.png,,5,DESKTOP-0LC5NKG
1487927954419,6,49 /escm/images/orders.png,200,OK,Thread Group 1-1,bin,true,2716,1,1,http://10.10.3.16:8080/escm/images/orders.png,,6,DESKTOP-0LC5NKG
1487927954426,12,46 /escm/images/myAccount.png,200,OK,Thread Group 1-1,bin,true,6797,1,1,http://10.10.3.16:8080/escm/images/myAccount.png,,12,DESKTOP-0LC5NKG
1487927954439,26,37 /escm/js/jquery.ui.timepicker.js,200,OK,Thread Group 1-1,text,true,14262,1,1,http://10.10.3.16:8080/escm/js/jquery.ui.timepicker.js,,24,DESKTOP-0LC5NKG
1487927954466,7,45 /escm/css/tablesorter.css,200,OK,Thread Group 1-1,text,true,2313,1,1,http://10.10.3.16:8080/escm/css/tablesorter.css,,7,DESKTOP-0LC5NKG
1487927954473,8,80 /escm/css/theme/images/ui-icons_ededed_256x240.png,200,OK,Thread Group 1-1,bin,true,4667,1,1,http://10.10.3.16:8080/escm/css/theme/images/ui-icons_ededed_256x240.png,,8,DESKTOP-0LC5NKG
1487927954482,8,79 /escm/images/bubble.png,200,OK,Thread Group 1-1,bin,true,3819,1,1,http://10.10.3.16:8080/escm/images/bubble.png,,8,DESKTOP-0LC5NKG
1487927954491,9,77 /escm/images/ticket/39x39ticket.png,200,OK,Thread Group 1-1,bin,true,2725,1,1,http://10.10.3.16:8080/escm/images/ticket/39x39ticket.png,,9,DESKTOP-0LC5NKG
1487927954501,7,78 /escm/css/modern_ui/images/myCatalog.png,200,OK,Thread Group 1-1,bin,true,3298,1,1,http://10.10.3.16:8080/escm/css/modern_ui/images/myCatalog.png,,7,DESKTOP-0LC5NKG
1487927954509,6,76 /escm/css/modern_ui/images/CP_login.png,200,OK,Thread Group 1-1,bin,true,6465,1,1,http://10.10.3.16:8080/escm/css/modern_ui/images/CP_login.png,,6,DESKTOP-0LC5NKG
1487927954516,6,75 /escm/css/modern_ui/images/dropDown.png,200,OK,Thread Group 1-1,bin,true,5895,1,1,http://10.10.3.16:8080/escm/css/modern_ui/images/dropDown.png,,5,DESKTOP-0LC5NKG
1487927954522,6,74 /escm/css/modern_ui/images/myDashboard.png,200,OK,Thread Group 1-1,bin,true,3239,1,1,http://10.10.3.16:8080/escm/css/modern_ui/images/myDashboard.png,,6,DESKTOP-0LC5NKG
1487927954529,102,66 /escm/js/payment/jquery.dataTables.js,200,OK,Thread Group 1-1,text,true,89133,1,1,http://10.10.3.16:8080/escm/js/payment/jquery.dataTables.js,,31,DESKTOP-0LC5NKG
1487927954632,6,81 /escm/css/theme/images/ui-icons_ffffff_256x240.png,200,OK,Thread Group 1-1,bin,true,4667,1,1,http://10.10.3.16:8080/escm/css/theme/images/ui-icons_ffffff_256x240.png,,6,DESKTOP-0LC5NKG
1487927952488,2097,Login to the portal,200,"Number of samples in transaction : 52, number of failing samples : 0",Thread Group 1-1,,true,327927,1,1,null,,1048,DESKTOP-0LC5NKG
1487927954641,663,1 /escm/organization/index,200,OK,Thread Group 1-1,text,true,8840,1,1,http://10.10.3.16:8080/escm/organization/list,,12,DESKTOP-0LC5NKG
1487927955307,8,4 /escm/images/icon14.gif,200,OK,Thread Group 1-1,bin,true,579,1,1,http://10.10.3.16:8080/escm/images/icon14.gif,,8,DESKTOP-0LC5NKG
1487927955317,8,3 /escm/images/search.png,200,OK,Thread Group 1-1,bin,true,3830,1,1,http://10.10.3.16:8080/escm/images/search.png,,8,DESKTOP-0LC5NKG
1487927955328,336,5 /escm/user/list,200,OK,Thread Group 1-1,text,true,5636,1,1,http://10.10.3.16:8080/escm/user/list,,334,DESKTOP-0LC5NKG
1487927955665,8,7 /escm/images/ADUserCreationFailed.png,200,OK,Thread Group 1-1,bin,true,3894,1,1,http://10.10.3.16:8080/escm/images/ADUserCreationFailed.png,,8,DESKTOP-0LC5NKG
1487927955674,5,6 /escm/images/Activated.png,200,OK,Thread Group 1-1,bin,true,5660,1,1,http://10.10.3.16:8080/escm/images/Activated.png,,5,DESKTOP-0LC5NKG
1487927955680,7,10 /escm/images/previous.png,200,OK,Thread Group 1-1,bin,true,16816,1,1,http://10.10.3.16:8080/escm/images/previous.png,,6,DESKTOP-0LC5NKG
1487927955688,15,11 /escm/messages,200,OK,Thread Group 1-1,text,true,461,1,1,http://10.10.3.16:8080/escm/messages,,15,DESKTOP-0LC5NKG
1487927955704,6,8 /escm/images/bg-gradient.gif,200,OK,Thread Group 1-1,bin,true,461,1,1,http://10.10.3.16:8080/escm/images/bg-gradient.gif,,6,DESKTOP-0LC5NKG
1487927955711,15,9 /escm/images/next.png,200,OK,Thread Group 1-1,bin,true,16766,1,1,http://10.10.3.16:8080/escm/images/next.png,,14,DESKTOP-0LC5NKG
1487927955727,5,12 /escm/css/theme/images/ui-icons_ffffff_256x240.png,304,Not Modified,Thread Group 1-1,,true,123,1,1,http://10.10.3.16:8080/escm/css/theme/images/ui-icons_ffffff_256x240.png,,0,DESKTOP-0LC5NKG
1487927954640,1076,click on my organization tab,200,"Number of samples in transaction : 11, number of failing samples : 0",Thread Group 1-1,,true,63066,1,1,null,,416,DESKTOP-0LC5NKG
